date,nao,sst_index
19791005,-0.5827,1.1064
19791010,-0.7326,1.0696
19791015,0.0527,0.6439
19791020,0.5350,0.8865
19791025,-0.6566,1.1651
19791030,-1.1962,0.9425
19791104,0.4141,0.6083
19791109,0.3022,0.2886
19791114,0.0329,0.3072
19791119,-0.3962,0.5953
19791124,0.5522,0.8029
19791129,0.5651,0.6624
19791204,2.3313,0.1935
19791209,1.3019,-0.1930
19791214,0.1371,-0.2646
19791219,0.3722,-0.5133
19791224,-0.6075,-0.0588
19791229,-0.7894,-0.4543
19800103,-0.5775,-0.5494
19800108,-0.6327,-0.3016
19800113,-0.7783,-0.0886
19800118,-0.6669,-0.2698
19800123,-2.3940,-0.7304
19800128,-1.4444,-1.0935
19800202,-0.7352,-1.0870
19800207,-1.4805,-0.9452
19800212,-0.8454,-1.1361
19800217,0.8236,-0.8777
19800222,0.9295,-0.4460
19800227,-0.4265,-0.4613
19800303,0.7986,-0.0462
19800308,0.5293,0.2059
19800313,-0.3786,0.3467
19800318,-2.1217,0.1104
19800323,-1.9249,-0.2392
19800328,-1.0554,-0.3949
19801004,0.1712,1.7089
19801009,-0.2644,1.6464
19801014,-1.2826,1.2179
19801019,-0.6876,0.9171
19801024,-0.1748,0.9895
19801029,0.7519,1.0919
19801103,-0.5430,1.0772
19801108,-1.2478,0.7668
19801113,-0.7242,0.1209
19801118,0.0784,0.2768
19801123,0.0659,-0.0843
19801128,-1.4276,-0.2420
19801203,-1.0304,-0.6240
19801208,-0.4247,-0.5626
19801213,1.0997,-0.0772
19801218,0.7683,-0.0654
19801223,0.8050,0.1375
19801228,1.2080,0.0176
19810102,-0.0436,0.0020
19810107,-0.3208,-0.2024
19810112,0.2711,-0.1615
19810117,0.1993,-0.2555
19810122,-0.3314,-0.7622
19810127,0.4930,-0.8236
19810201,1.4052,-0.9296
19810206,1.9135,-0.5786
19810211,0.1363,-0.2256
19810216,0.1884,-0.0138
19810221,-1.9008,-0.0120
19810226,-2.1885,-0.3693
19810303,-2.4737,-0.9631
19810308,-0.9807,-1.0805
19810313,-0.1044,-1.4410
19810318,-1.5863,-1.5122
19810323,-0.3432,-1.6488
19810328,0.9704,-1.8025
19811004,-1.5302,-0.0237
19811009,-0.9142,0.2496
19811014,0.3053,0.0787
19811019,0.4947,-0.1970
19811024,0.1728,-0.1662
19811029,-0.0796,0.0790
19811103,0.2700,0.1654
19811108,0.0157,-0.1229
19811113,0.4499,-0.2878
19811118,-0.4739,-0.2833
19811123,-0.3936,-0.1446
19811128,-0.5938,0.1316
19811203,-0.2322,-0.2552
19811208,-1.5174,-0.7962
19811213,-0.7430,-0.8078
19811218,-0.9471,-0.8832
19811223,-0.8511,-1.0376
19811228,-2.0175,-0.8236
19820102,-2.5299,-0.8118
19820107,-1.9572,-0.9861
19820112,0.4852,-0.8863
19820117,-0.4513,-0.8385
19820122,-0.9978,-0.5739
19820127,0.4775,-0.5234
19820201,-0.5306,-0.9770
19820206,0.6536,-0.7037
19820211,1.7398,-0.1398
19820216,-0.4459,-0.1223
19820221,-0.0494,-0.1633
19820226,0.5347,-0.1786
19820303,1.7703,0.0373
19820308,1.3639,0.1065
19820313,0.5803,0.3437
19820318,-0.8568,0.3118
19820323,0.1434,0.2463
19820328,0.9523,0.4325
19821004,-0.4505,1.7947
19821009,-1.0854,1.9070
19821014,-0.5464,1.6829
19821019,0.3916,1.5084
19821024,0.7789,1.3345
19821029,-0.0256,1.2052
19821103,0.3365,1.1100
19821108,0.8797,1.1754
19821113,1.7057,1.4724
19821118,0.9499,1.4418
19821123,0.8697,1.6105
19821128,0.9286,1.6750
19821203,0.2497,1.5489
19821208,1.4420,1.8583
19821213,0.8076,1.6694
19821218,1.2021,1.8499
19821223,0.7846,1.7618
19821228,0.6317,2.0840
19830102,1.9225,1.7165
19830107,2.3833,1.9369
19830112,1.1981,2.1343
19830117,-0.3781,1.8476
19830122,0.6391,1.5349
19830127,1.5969,1.0740
19830201,-0.3895,1.6407
19830206,-1.1836,0.8875
19830211,-0.8672,0.2213
19830216,-1.5676,0.2575
19830221,-1.0808,0.2616
19830226,0.6354,0.0811
19830303,0.7653,0.1207
19830308,0.2281,-0.2311
19830313,0.2761,-0.7258
19830318,0.5783,-0.7304
19830323,-0.1824,-0.6243
19830328,-0.1516,-0.3380
19831004,0.6287,1.3763
19831009,1.1305,1.5227
19831014,0.8268,1.6534
19831019,0.6195,1.5616
19831024,0.7472,1.2529
19831029,1.7397,0.7914
19831103,0.7649,0.8771
19831108,-0.2630,1.0215
19831113,-1.3514,0.7622
19831118,-0.7628,0.3504
19831123,-0.3682,0.0138
19831128,-0.5042,0.0429
19831203,0.0785,-0.0522
19831208,-0.4308,-0.0424
19831213,0.2962,-0.1267
19831218,-0.7896,0.2589
19831223,-0.0083,0.2674
19831228,2.2376,0.1338
19840102,2.4816,-0.1529
19840107,0.6373,0.0442
19840112,1.7121,0.2358
19840117,0.9314,0.7292
19840122,0.1667,1.1650
19840127,-0.9396,1.2269
19840201,0.2011,0.7625
19840206,0.5908,1.1206
19840211,-0.1202,0.9705
19840216,-0.6070,0.9126
19840221,-0.9347,0.6958
19840226,-0.9486,0.4010
19840302,-0.5600,0.6043
19840307,-0.7835,0.5773
19840312,-1.9065,0.4198
19840317,-1.3382,0.3428
19840322,-1.2831,0.6980
19840327,-1.5913,0.6292
19841003,-0.1589,1.3316
19841008,0.5894,1.1680
19841013,-0.1381,1.1275
19841018,0.5947,1.2035
19841023,1.0077,1.6729
19841028,0.1094,2.0752
19841102,0.2390,2.1958
19841107,-1.2786,2.1323
19841112,-0.9833,1.3220
19841117,-1.4625,0.9997
19841122,0.1679,0.7186
19841127,0.9406,0.7397
19841202,-0.0753,1.1275
19841207,0.6817,1.1592
19841212,0.2821,1.0535
19841217,-0.0735,0.9021
19841222,0.2657,1.4706
19841227,-0.1743,1.3047
19850101,-1.0797,1.5461
19850106,-2.3074,1.2881
19850111,-0.6518,0.5791
19850116,-2.2413,0.6541
19850121,-2.0038,0.4118
19850126,-0.3977,0.5935
19850131,-0.7521,0.3035
19850205,-2.5206,0.1620
19850210,-2.4811,0.2374
19850215,-1.6868,0.0815
19850220,-0.1659,0.2292
19850225,0.0230,0.8337
19850302,-0.4450,1.4838
19850307,0.6548,1.5236
19850312,0.2061,1.7428
19850317,0.2193,1.5608
19850322,-0.8000,1.3769
19850327,-1.0676,1.2411
19851003,1.1902,1.2809
19851008,0.7819,1.3033
19851013,0.0895,1.0268
19851018,0.7131,0.9725
19851023,0.2050,1.2876
19851028,-0.0744,1.0603
19851102,-0.7681,0.5881
19851107,0.5735,0.2961
19851112,0.8475,0.3284
19851117,-0.2574,0.6000
19851122,-2.3778,0.6484
19851127,-2.2170,0.5705
19851202,-1.3937,0.5383
19851207,-0.3693,0.6023
19851212,-0.2095,0.6274
19851217,-0.5515,0.6348
19851222,-0.1299,0.8700
19851227,-0.5894,1.0244
19860101,0.0957,1.1252
19860106,-0.5856,1.2863
19860111,0.6897,1.3585
19860116,0.5520,1.2843
19860121,1.1390,1.5917
19860126,0.1471,1.2849
19860131,-1.3825,1.0523
19860205,-2.4047,1.0506
19860210,-1.0930,0.9615
19860215,-1.3841,0.8247
19860220,-1.9943,0.9529
19860225,-2.1720,0.9087
19860302,0.7184,0.5469
19860307,1.4916,0.6655
19860312,0.7797,0.8898
19860317,0.8239,1.1469
19860322,2.5839,1.6832
19860327,2.0852,1.7286
19861003,0.5244,-0.1758
19861008,0.9572,0.4266
19861013,1.7389,0.7882
19861018,1.4390,1.0985
19861023,1.3843,1.3416
19861028,1.0224,1.4601
19861102,0.7032,1.3239
19861107,0.3568,1.3369
19861112,0.8772,1.8820
19861117,1.0593,2.2209
19861122,0.3077,2.3648
19861127,0.6210,2.4382
19861202,1.0332,2.3868
19861207,0.8418,2.4233
19861212,0.7770,2.4107
19861217,0.8146,2.4677
19861222,-0.6936,2.1280
19861227,0.0348,2.1735
19870101,-0.7569,2.0276
19870106,-1.3869,1.6017
19870111,-1.5547,1.3075
19870116,-0.5713,1.1266
19870121,-0.9519,0.9572
19870126,-0.6246,0.9122
19870131,0.3428,0.6109
19870205,0.4090,0.5310
19870210,-0.7781,0.6133
19870215,-1.6053,0.4433
19870220,-1.5481,0.3193
19870225,-1.6967,-0.1278
19870302,-0.8821,0.0142
19870307,-1.2117,-0.1265
19870312,-1.3138,-0.7870
19870317,-1.2894,-1.1286
19870322,-1.2955,-1.1023
19870327,-0.2610,-0.5044
19871003,0.0867,-0.5470
19871008,0.8128,-0.2526
19871013,0.1223,-0.1289
19871018,-0.8553,0.1874
19871023,-0.5435,-0.0748
19871028,-0.2123,0.1004
19871102,-0.1838,0.0586
19871107,0.1927,-0.1635
19871112,0.6196,-0.1374
19871117,0.2501,-0.0407
19871122,-1.1794,-0.3999
19871127,-0.5114,-0.6080
19871202,-1.5383,-0.8522
19871207,-0.9421,-0.9826
19871212,-1.2395,-0.8602
19871217,-0.2623,-0.9654
19871222,-0.2758,-1.0469
19871227,0.2922,-1.0771
19880101,0.8966,-0.8622
19880106,0.2062,-0.5213
19880111,0.7715,-0.2325
19880116,0.5740,-0.3199
19880121,-0.4783,-0.1948
19880126,-0.7603,-0.2556
19880131,-0.4077,-0.1649
19880205,0.4149,-0.0621
19880210,0.9703,0.2293
19880215,-0.6685,0.2485
19880220,-0.8007,0.0609
19880225,-1.1816,-0.0850
19880301,-1.2820,-0.5013
19880306,0.4224,-0.5952
19880311,-0.8495,-0.4104
19880316,0.0463,-0.5429
19880321,0.3091,-0.5836
19880326,0.0779,-0.3986
19880331,-0.4542,-0.1974
19881002,0.3525,1.4123
19881007,1.3184,1.4409
19881012,0.6044,1.3410
19881017,-0.3063,1.1133
19881022,-1.3285,0.7991
19881027,-0.4621,0.6311
19881101,-0.2980,0.6325
19881106,-0.1000,0.7225
19881111,0.6652,0.8516
19881116,-0.6493,0.9161
19881121,-0.3381,0.7862
19881126,-0.1304,0.6486
19881201,1.2283,0.1709
19881206,1.0221,-0.1276
19881211,0.4520,-0.0867
19881216,0.1401,-0.1825
19881221,0.8414,0.0302
19881226,0.1505,0.3603
19881231,0.4435,0.5625
19890105,0.6464,0.6442
19890110,1.6154,0.4326
19890115,2.1387,0.6509
19890120,0.5179,0.7038
19890125,1.2218,0.8873
19890130,1.4766,1.0005
19890204,2.7444,0.9861
19890209,1.2394,1.0405
19890214,1.6250,0.8320
19890219,2.1372,1.3060
19890224,1.0220,1.5358
19890301,0.1646,1.5211
19890306,0.2084,1.7746
19890311,1.4262,1.7153
19890316,1.3074,1.6043
19890321,1.5284,1.4126
19890326,0.6070,1.6473
19890331,1.0955,1.5774
19891002,0.0846,0.9229
19891007,-0.3453,0.9746
19891012,0.5596,0.9143
19891017,0.4368,0.9447
19891022,1.3603,0.8937
19891027,0.5546,0.7157
19891101,0.5909,0.5715
19891106,-0.0427,0.8636
19891111,-0.2616,1.1618
19891116,-0.2245,1.2199
19891121,-1.0006,0.9702
19891126,-0.2201,0.8490
19891201,0.0971,0.4246
19891206,-0.6746,-0.1030
19891211,-1.5416,-0.1812
19891216,-0.8019,-0.3425
19891221,0.6922,-0.1782
19891226,1.1422,0.0335
19891231,0.0478,0.0198
19900105,0.9719,0.2844
19900110,0.5916,0.6434
19900115,0.7409,0.8377
19900120,1.0542,1.2456
19900125,1.1075,1.4567
19900130,0.8264,1.3765
19900204,1.3993,1.5000
19900209,2.1823,1.5814
19900214,0.4426,1.1096
19900219,1.6729,0.6233
19900224,2.6457,1.0132
19900301,2.0981,1.2945
19900306,1.8658,1.0580
19900311,1.5528,1.2855
19900316,1.3229,1.6864
19900321,2.6317,1.2867
19900326,1.7055,1.1718
19900331,0.5220,0.9744
19901002,0.4358,0.1484
19901007,1.0558,0.3389
19901012,0.1629,0.3095
19901017,-0.0543,0.5784
19901022,-0.2632,0.3840
19901027,0.0774,0.2387
19901101,-0.7276,0.4389
19901106,-0.7051,0.1650
19901111,-0.6457,-0.0673
19901116,1.1753,0.0316
19901121,-0.3598,0.4135
19901126,-0.4042,0.4723
19901201,0.1087,0.3283
19901206,-0.6281,-0.1192
19901211,0.0334,-0.4915
19901216,-0.3434,-0.4359
19901221,0.6648,-0.3777
19901226,2.3419,0.1466
19901231,1.4547,0.7413
19910105,1.0460,1.0023
19910110,0.6292,1.0323
19910115,0.1613,0.8273
19910120,0.6412,0.7449
19910125,0.2151,0.6142
19910130,-0.1440,0.9485
19910204,-0.3090,1.1283
19910209,-1.4045,0.6199
19910214,-0.5998,0.5954
19910219,0.7429,0.5849
19910224,1.0067,0.7658
19910301,-0.7751,1.0297
19910306,-1.7009,1.0756
19910311,-1.9161,0.9763
19910316,-0.5375,0.8900
19910321,0.7410,1.0420
19910326,-0.1867,1.1529
19910331,1.2840,0.8810
19911002,0.3996,1.1786
19911007,-0.1727,1.4932
19911012,-0.4193,1.4515
19911017,0.0732,1.0852
19911022,-0.3707,0.7294
19911027,-1.3518,0.8166
19911101,-0.3704,0.8944
19911106,0.8967,0.7796
19911111,0.9887,0.7585
19911116,-0.5457,0.9778
19911121,-0.0009,0.8943
19911126,0.6619,0.9067
19911201,-0.2958,1.0314
19911206,-0.4193,1.0566
19911211,0.5108,1.0866
19911216,1.6076,0.9652
19911221,1.4370,0.8945
19911226,0.3597,0.8180
19911231,1.4759,0.9664
19920105,0.9540,0.8087
19920110,0.1922,0.6730
19920115,-0.3786,0.3742
19920120,0.7466,0.1768
19920125,0.8307,0.1913
19920130,-0.2667,0.1212
19920204,-0.3331,-0.0752
19920209,0.8905,-0.1386
19920214,1.1680,-0.0361
19920219,0.4184,0.2967
19920224,1.5260,0.6422
19920229,1.3063,0.9039
19920305,1.2466,1.0677
19920310,1.1594,1.0805
19920315,1.3743,0.8701
19920320,0.7020,0.6343
19920325,-0.0394,0.3743
19920330,-0.8932,0.4858
19921001,-0.3843,1.4407
19921006,-0.4956,1.0594
19921011,-1.0339,0.8137
19921016,-0.9096,0.4588
19921021,0.7530,0.2124
19921026,-0.1910,0.5625
19921031,0.0742,0.6792
19921105,0.1980,0.8502
19921110,1.2883,0.8874
19921115,0.6108,0.8304
19921120,-0.2308,1.0311
19921125,0.7194,1.2766
19921130,1.4051,1.6124
19921205,0.7831,1.3130
19921210,0.1342,1.3993
19921215,-0.3268,1.2481
19921220,0.8459,1.1884
19921225,0.1982,1.0569
19921230,0.4175,1.0282
19930104,1.2135,1.2246
19930109,2.3329,1.5574
19930114,2.2388,1.8169
19930119,2.2543,1.7380
19930124,1.7683,1.5088
19930129,1.1966,1.4284
19930203,1.2236,1.2843
19930208,-0.1437,1.2871
19930213,0.4911,1.4322
19930218,-0.0148,0.7597
19930223,-0.2269,0.7014
19930228,-1.2061,0.5298
19930305,-1.2318,0.4689
19930310,0.0422,0.7783
19930315,2.1091,0.5113
19930320,1.9931,0.7907
19930325,0.9106,1.0397
19930330,-0.8124,0.9547
19931001,-0.1220,1.0877
19931006,-0.4241,1.1059
19931011,-0.7769,1.0226
19931016,0.0383,1.1900
19931021,-0.4160,1.1321
19931026,-0.3787,0.8401
19931031,-0.2695,0.6967
19931105,-0.0752,0.9357
19931110,0.7264,0.9233
19931115,0.0941,1.3854
19931120,-0.5805,1.5774
19931125,0.2788,1.5870
19931130,0.4465,1.5077
19931205,0.4462,1.5600
19931210,-0.1997,1.6605
19931215,-0.1799,1.3634
19931220,1.1305,1.3883
19931225,-0.2979,1.1895
19931230,0.2812,1.2767
19940104,-0.7426,1.6080
19940109,-1.1752,1.2877
19940114,-0.3973,1.3182
19940119,1.7020,1.0906
19940124,1.1709,1.3705
19940129,0.5672,1.7972
19940203,0.0284,1.8109
19940208,-0.2635,1.6851
19940213,-0.5581,1.8262
19940218,-0.4363,1.7212
19940223,-1.4227,1.7103
19940228,-0.2075,1.5035
19940305,1.0079,1.3856
19940310,2.0861,1.1883
19940315,0.8822,1.3763
19940320,0.2936,1.3688
19940325,1.2097,1.2251
19940330,2.1709,1.6064
19941001,-0.3059,0.9418
19941006,1.1781,1.1871
19941011,0.0733,0.6091
19941016,-1.0399,0.3209
19941021,-0.1846,0.4486
19941026,-0.4439,0.5189
19941031,-0.0864,0.4163
19941105,-0.7001,0.5191
19941110,-1.3362,0.5944
19941115,1.1297,0.6146
19941120,1.5360,0.5446
19941125,1.3027,0.5872
19941130,-0.0666,0.9870
19941205,1.2176,1.3870
19941210,0.5749,1.5014
19941215,0.1406,1.2125
19941220,0.5140,1.0675
19941225,0.7224,0.8276
19941230,0.7201,0.8124
19950104,0.3747,0.7491
19950109,0.2960,0.7890
19950114,0.1870,0.8925
19950119,-0.4800,0.6984
19950124,-0.2870,0.4049
19950129,0.4174,0.5464
19950203,1.0989,0.4533
19950208,0.8223,0.3823
19950213,1.4861,0.4567
19950218,1.6011,0.7565
19950223,0.7963,0.6889
19950228,1.5696,0.6688
19950305,-0.0821,0.7103
19950310,-1.0157,0.8296
19950315,0.0692,0.3593
19950320,0.5591,0.2406
19950325,0.5749,0.0153
19950330,1.2106,0.0359
19951001,0.4978,0.1416
19951006,-0.3818,0.4450
19951011,-0.0800,0.3191
19951016,0.2019,0.1341
19951021,0.0682,0.0325
19951026,0.2298,-0.1494
19951031,-0.7475,-0.2617
19951105,-0.3793,-0.2209
19951110,-0.4678,-0.4480
19951115,-0.7470,-0.7884
19951120,-0.1814,-0.9780
19951125,-0.8220,-0.9088
19951130,-0.3222,-0.7798
19951205,-0.9882,-0.5318
19951210,-0.8219,-0.2887
19951215,-1.6909,-0.5151
19951220,-2.2329,-0.9275
19951225,-1.3076,-1.2743
19951230,-0.7822,-1.7000
19960104,-1.2649,-1.6442
19960109,0.1324,-1.6878
19960114,-0.1076,-1.4796
19960119,-0.2774,-1.3014
19960124,-1.9128,-1.1762
19960129,-2.1246,-1.1152
19960203,-0.0847,-1.1387
19960208,-0.8149,-1.0007
19960213,-0.6700,-0.8961
19960218,-0.2144,-0.9917
19960223,0.2666,-0.8283
19960228,-0.4359,-0.6678
19960304,-0.4630,-0.6205
19960309,0.2147,-0.2951
19960314,-1.3351,-0.3723
19960319,-2.1024,-0.6163
19960324,-1.5121,-0.6091
19960329,-0.9048,-0.3325
19961005,1.4036,0.3520
19961010,0.7165,0.7106
19961015,-0.6568,0.6740
19961020,-0.6599,0.4088
19961025,-0.4628,0.0913
19961030,-0.5275,0.0317
19961104,1.0076,0.4050
19961109,0.4854,0.4801
19961114,0.8197,0.2717
19961119,-0.6742,0.3945
19961124,-0.3240,0.0561
19961129,-0.2410,0.0878
19961204,-0.7941,0.0561
19961209,-1.7360,0.0048
19961214,-1.4222,-0.2350
19961219,-1.1593,-0.5095
19961224,-0.7826,-0.6443
19961229,-1.2768,-0.4236
19970103,-1.3969,-0.4467
19970108,-1.8132,-0.7005
19970113,-0.0819,-0.8915
19970118,0.7754,-1.0577
19970123,1.3169,-0.8608
19970128,0.0195,-0.9256
19970202,0.2983,-0.7210
19970207,1.5935,-0.2427
19970212,1.5997,-0.2242
19970217,1.5876,-0.0288
19970222,1.7603,-0.3011
19970227,2.3820,-0.3031
19970304,2.1200,0.2814
19970309,1.3108,0.5819
19970314,-0.0507,0.1790
19970319,-0.8215,0.0162
19970324,0.0793,0.0962
19970329,1.1150,0.2964
19971005,0.3264,-0.4819
19971010,0.1335,-0.7626
19971015,-0.6121,-0.8458
19971020,-0.8643,-1.4131
19971025,-0.9026,-1.7683
19971030,-0.3540,-1.5942
19971104,-0.1944,-1.7173
19971109,-0.1275,-1.6108
19971114,-0.2845,-1.4853
19971119,0.0966,-1.2045
19971124,-1.5259,-0.9094
19971129,-2.0521,-1.1275
19971204,-1.3410,-1.3942
19971209,0.5729,-1.4980
19971214,-0.9141,-1.3864
19971219,-0.5155,-1.4617
19971224,0.5131,-1.5155
19971229,0.6092,-1.0670
19980103,1.0491,-1.2866
19980108,-0.9626,-1.1052
19980113,-1.0297,-1.0788
19980118,-1.0714,-1.0457
19980123,-1.3327,-1.2779
19980128,-0.9207,-1.2306
19980202,-1.0703,-1.3716
19980207,-0.0393,-1.6678
19980212,0.1428,-1.7657
19980217,0.4544,-1.6808
19980222,0.8104,-1.5787
19980227,-0.5135,-1.9046
19980304,-0.1727,-2.1918
19980309,-0.6235,-1.8320
19980314,0.3768,-1.9027
19980319,-0.0295,-1.8305
19980324,0.0260,-1.8025
19980329,0.4278,-1.5972
19981005,-0.7634,-0.8037
19981010,0.8039,-0.7741
19981015,0.3781,-0.7325
19981020,0.4569,-0.7277
19981025,1.4814,-0.5999
19981030,-0.1264,-0.5489
19981104,-1.0614,-0.4913
19981109,0.0200,-0.6738
19981114,-1.5404,-0.5712
19981119,-1.1719,-0.5514
19981124,0.2960,-0.2528
19981129,-0.3049,-0.2332
19981204,-0.4377,-0.5527
19981209,1.2698,-0.5042
19981214,1.1128,-0.1397
19981219,0.6195,-0.1137
19981224,1.5513,-0.0163
19981229,0.5880,0.4152
19990103,0.2469,0.4108
19990108,0.1365,0.4310
19990113,0.5089,0.3870
19990118,0.6500,0.6635
19990123,-0.1108,0.7479
19990128,-0.6127,0.6968
19990202,-0.0957,0.5038
19990207,-0.4271,0.8341
19990212,0.3187,0.5858
19990217,0.3550,0.4995
19990222,0.2505,0.4351
19990227,0.5066,0.4450
19990304,-0.9983,0.5275
19990309,-2.4167,0.1812
19990314,-1.7817,0.1739
19990319,-0.8430,0.0992
19990324,0.2295,0.4409
19990329,0.8962,0.7435
19991005,0.0215,-0.0945
19991010,0.0758,-0.1822
19991015,-0.5710,-0.2309
19991020,-0.8275,0.1554
19991025,0.2535,-0.0602
19991030,1.1590,0.1881
19991104,1.0298,0.3404
19991109,-0.6364,0.1451
19991114,-0.2097,-0.0359
19991119,0.1560,-0.1036
19991124,-0.1597,-0.1642
19991129,1.0709,-0.6696
19991204,1.0451,-0.7393
19991209,0.7543,-0.4404
19991214,-0.6977,-0.6647
19991219,0.4432,-0.5409
19991224,1.9427,-0.2269
19991229,0.7153,-0.1253
20000103,1.1382,0.1114
20000108,1.5895,0.2270
20000113,-0.1787,0.4162
20000118,-1.2475,0.1925
20000123,-0.5968,-0.1978
20000128,1.3171,0.0206
20000202,1.5526,0.1030
20000207,2.8102,0.0381
20000212,1.9690,0.3158
20000217,0.2951,0.3877
20000222,0.4785,0.3303
20000227,1.1315,0.3754
20000303,0.1758,0.5438
20000308,0.6549,0.5827
20000313,0.7477,0.3903
20000318,0.1442,-0.1155
20000323,-0.0217,-0.3777
20000328,-0.5188,-0.3011
20001004,0.2311,0.7304
20001009,-0.1808,0.6741
20001014,0.3398,0.3135
20001019,0.4799,0.5683
20001024,0.9085,0.6716
20001029,0.1992,0.7341
20001103,-0.7215,0.7039
20001108,-1.4263,0.5242
20001113,-0.7303,0.6827
20001118,-0.2492,0.6482
20001123,-0.5498,0.5787
20001128,-0.3802,0.5165
20001203,0.1732,0.4386
20001208,-0.2309,0.4614
20001213,0.4198,0.3828
20001218,-0.6978,0.5858
20001223,-1.9422,0.6266
20001228,-2.0534,0.3322
20010102,-0.4495,0.3136
20010107,-0.8828,0.2755
20010112,-0.2624,0.1129
20010117,-0.1819,0.0479
20010122,0.3196,0.0728
20010127,0.4413,-0.0248
20010201,-1.2772,0.0996
20010206,-1.0396,0.1686
20010211,0.6833,0.2100
20010216,0.6158,0.4956
20010221,-0.3318,0.3616
20010226,-1.8554,-0.2083
20010303,-1.4811,-0.6570
20010308,-0.0357,-0.8893
20010313,0.1855,-0.4244
20010318,-1.7687,-0.4959
20010323,-1.7674,-0.6063
20010328,-0.5498,-0.3857
20011004,0.9670,-0.9845
20011009,1.2266,-0.9836
20011014,0.1297,-0.9959
20011019,-0.4935,-0.8255
20011024,-0.2156,-0.9889
20011029,0.9392,-1.1329
20011103,0.7700,-1.0870
20011108,0.6768,-1.2952
20011113,0.3564,-1.5745
20011118,0.4758,-1.4838
20011123,0.7236,-1.5336
20011128,-0.1000,-1.1996
20011203,-0.2556,-0.8582
20011208,-0.7768,-0.9368
20011213,-1.4989,-1.1484
20011218,-2.0144,-1.1401
20011223,-0.5913,-1.4097
20011228,-1.4717,-1.7825
20020102,0.3011,-1.6238
20020107,1.1705,-1.6163
20020112,1.0311,-1.5395
20020117,0.4929,-1.1570
20020122,0.2677,-1.0931
20020127,0.8681,-1.0542
20020201,0.9047,-0.6938
20020206,0.6611,-0.8473
20020211,0.8342,-0.9165
20020216,1.1524,-0.7531
20020221,0.3592,-0.7904
20020226,0.5174,-0.8304
20020303,1.4466,-0.8236
20020308,1.6469,-0.9141
20020313,0.4622,-0.4065
20020318,-0.4616,-0.2103
20020323,-0.7020,-0.1945
20020328,0.0121,-0.1102
20021004,0.5377,-0.2413
20021009,-0.4872,0.1096
20021014,-1.8104,0.1106
20021019,-2.1306,-0.3645
20021024,-0.1212,-0.1338
20021029,0.0425,0.0952
20021103,0.3792,0.1171
20021108,-0.0757,-0.0098
20021113,-0.2498,-0.1240
20021118,0.1984,-0.0845
20021123,-1.3093,0.0736
20021128,-0.9523,-0.0685
20021203,-0.0895,-0.0223
20021208,-1.5176,0.1648
20021213,-0.8633,0.0487
20021218,-1.2999,-0.3005
20021223,-0.8177,-0.6985
20021228,-0.6906,-0.7298
20030102,-0.6395,-0.9193
20030107,-0.9325,-0.8664
20030112,0.7464,-0.8667
20030117,1.2586,-0.7405
20030122,-0.7841,-0.6279
20030127,0.1463,-0.7222
20030201,0.3309,-0.5020
20030206,0.4542,-0.3296
20030211,0.0872,-0.1258
20030216,-0.0304,0.0374
20030221,-0.4363,0.0503
20030226,-0.3387,0.1305
20030303,-0.1937,0.1786
20030308,0.6287,0.3127
20030313,0.4577,0.3640
20030318,-0.1467,0.1936
20030323,1.1738,0.1910
20030328,0.4408,-0.1501
20031004,0.1153,-2.0529
20031009,0.8591,-1.6201
20031014,-1.1987,-1.4290
20031019,-1.5224,-1.6909
20031024,-0.2062,-1.8334
20031029,0.2908,-1.5855
20031103,-0.1665,-1.3353
20031108,-0.7862,-1.0878
20031113,-0.1045,-0.9125
20031118,0.1778,-0.8280
20031123,0.4025,-1.0381
20031128,0.2195,-0.9555
20031203,-0.0732,-1.1227
20031208,-0.3330,-1.2806
20031213,0.4597,-1.2476
20031218,-0.3372,-1.2509
20031223,0.5197,-1.2777
20031228,0.1087,-1.3349
20040102,-1.0075,-1.3689
20040107,-0.2902,-1.2325
20040112,0.0589,-1.2429
20040117,-1.6170,-1.1743
20040122,-0.4017,-1.2553
20040127,-1.7958,-1.3766
20040201,-0.5974,-1.5055
20040206,0.1253,-1.3791
20040211,0.3026,-1.2642
20040216,-0.2614,-1.1420
20040221,-0.9952,-1.4522
20040226,-1.3157,-1.5475
20040302,-0.0653,-1.2835
20040307,-0.0963,-1.0252
20040312,-0.0699,-0.8174
20040317,1.0742,-0.3876
20040322,-0.0137,-0.5434
20040327,0.1264,-0.9544
20041003,-0.0998,-0.6357
20041008,-0.0359,-0.6784
20041013,-0.5662,-0.9357
20041018,-1.2636,-0.9943
20041023,-0.3074,-1.2202
20041028,-0.0477,-1.3615
20041102,0.1088,-1.4270
20041107,0.1555,-1.6025
20041112,0.3113,-1.5653
20041117,-0.1434,-1.4082
20041122,-0.5677,-1.6760
20041127,-0.1493,-2.0972
20041202,0.6442,-2.0008
20041207,0.6119,-1.6566
20041212,-0.2342,-1.4574
20041217,1.5040,-1.3747
20041222,0.3818,-1.2501
20041227,1.2886,-1.1666
20050101,1.6527,-1.2008
20050106,1.9958,-1.0220
20050111,1.2489,-0.7403
20050116,0.9659,-0.5885
20050121,-0.2453,-0.8637
20050126,-1.4932,-1.2305
20050131,-0.6338,-1.3417
20050205,-0.3850,-1.4041
20050210,0.4562,-0.9524
20050215,-0.6518,-1.0346
20050220,-1.3090,-1.3261
20050225,-2.8133,-1.4191
20050302,-1.0598,-1.6477
20050307,-0.8836,-1.8933
20050312,-1.3210,-2.0911
20050317,-1.3775,-2.2753
20050322,-0.0584,-2.3706
20050327,-0.3680,-2.2177
20051003,0.2340,-0.8218
20051008,0.0413,-0.8504
20051013,-0.9203,-0.9385
20051018,-1.5649,-0.9364
20051023,-0.6449,-0.9892
20051028,0.3419,-1.0174
20051102,0.7134,-1.0691
20051107,0.6517,-0.8425
20051112,0.5627,-0.6828
20051117,0.2869,-0.5387
20051122,-0.7427,-0.7484
20051127,-0.9168,-0.9964
20051202,-0.6270,-1.3007
20051207,-0.7505,-1.2768
20051212,-0.4626,-1.2035
20051217,-0.4797,-1.4646
20051222,-0.2861,-1.3908
20051227,-1.2287,-1.3007
20060101,-0.6521,-1.2815
20060106,-0.9704,-1.1299
20060111,1.4722,-1.0183
20060116,-0.3333,-0.9388
20060121,-0.4171,-0.6651
20060126,-0.8792,-0.6833
20060131,-0.8446,-0.8094
20060205,-1.5857,-0.7807
20060210,-0.2509,-0.9036
20060215,0.1631,-0.7714
20060220,-0.1863,-0.7391
20060225,-2.0199,-0.9061
20060302,-1.4593,-0.9371
20060307,0.0904,-0.9727
20060312,-1.0048,-0.7918
20060317,-2.2818,-0.7875
20060322,-1.9375,-1.1774
20060327,-0.5043,-1.5654
20061003,0.1388,-1.5822
20061008,0.1515,-1.3330
20061013,-1.3512,-1.1773
20061018,-1.6294,-1.3405
20061023,-1.0266,-1.4774
20061028,-0.6483,-1.6651
20061102,-0.3896,-1.8024
20061107,0.9654,-1.6663
20061112,0.5353,-1.7473
20061117,-0.3291,-1.7040
20061122,0.5745,-1.5220
20061127,0.3285,-1.5287
20061202,1.2527,-1.4963
20061207,1.4452,-1.2027
20061212,2.3439,-0.9595
20061217,1.0534,-0.7669
20061222,0.6625,-0.7577
20061227,0.6822,-0.9400
20070101,2.4897,-0.9475
20070106,1.7757,-0.4898
20070111,2.0352,-0.3868
20070116,1.3601,-0.4545
20070121,-0.2920,-0.8281
20070126,-0.4080,-1.2060
20070131,0.6631,-1.2520
20070205,-0.9547,-1.1893
20070210,-0.5348,-1.2682
20070215,-0.6326,-1.2899
20070220,-1.3118,-1.3439
20070225,-1.1935,-1.3733
20070302,0.4570,-0.9875
20070307,0.5987,-0.8625
20070312,1.3789,-0.6673
20070317,1.2214,-0.6038
20070322,0.8338,-0.6188
20070327,-0.1234,-0.5176
20071003,0.2545,-0.1972
20071008,-1.0337,-0.3369
20071013,-0.0378,-0.1621
20071018,0.1953,-0.1717
20071023,0.2016,-0.2776
20071028,0.7105,-0.3131
20071102,-0.0123,-0.1141
20071107,-0.0549,-0.4858
20071112,-1.1312,-0.6633
20071117,-0.3514,-0.8094
20071122,0.2104,-0.8453
20071127,0.3554,-0.9052
20071202,0.0045,-0.6083
20071207,1.5181,-0.4305
20071212,0.0003,-0.2937
20071217,-0.5419,-0.1760
20071222,0.5588,-0.1522
20071227,0.9915,0.1428
20080101,-1.0777,0.3313
20080106,-0.3024,-0.0421
20080111,-0.4396,-0.0996
20080116,0.5413,-0.0857
20080121,1.1446,-0.0611
20080126,1.4386,0.0212
20080131,0.5881,0.1274
20080205,0.3453,0.0923
20080210,-0.4023,0.0454
20080215,-0.7235,-0.0053
20080220,1.9978,-0.0517
20080225,1.7881,0.1151
20080301,0.9914,0.0392
20080306,0.9499,0.0163
20080311,1.2439,-0.0566
20080316,-0.7090,-0.1498
20080321,-0.5375,-0.4490
20080326,0.7982,-0.1625
20080331,-0.4831,0.0163
20081002,-0.2863,-0.8494
20081007,0.5128,-0.6885
20081012,1.0479,-0.4846
20081017,1.2517,-0.4989
20081022,1.5068,-0.1504
20081027,0.6184,-0.5154
20081101,0.6530,-0.5172
20081106,-0.2188,-0.4008
20081111,0.5445,-0.5128
20081116,0.5644,-0.2293
20081121,0.0955,-0.6625
20081126,-0.6373,-0.9248
20081201,-0.6146,-0.9954
20081206,0.4976,-1.0003
20081211,0.0920,-0.9991
20081216,0.5264,-0.6198
20081221,0.4107,-0.3708
20081226,-0.7216,-0.4161
20081231,-1.6237,-0.5140
20090105,-0.7056,-0.5098
20090110,1.3186,-0.4569
20090115,0.8679,-0.3801
20090120,0.8076,-0.1009
20090125,0.6685,0.0139
20090130,-1.0584,0.1633
20090204,-1.2907,0.0837
20090209,-0.3476,0.0103
20090214,-1.3525,0.0728
20090219,-1.0187,0.0143
20090224,-0.6026,0.2542
20090301,0.2334,0.2892
20090306,0.1080,0.2542
20090311,-0.2319,0.2337
20090316,-0.1719,0.1179
20090321,-0.0824,-0.0323
20090326,-0.1031,-0.0109
20090331,-0.4733,0.1035
20091002,-0.2430,-0.3529
20091007,-0.2695,-0.1030
20091012,-0.6683,-0.1937
20091017,-0.1156,-0.4601
20091022,-1.2020,-0.4353
20091027,-1.1727,-0.4564
20091101,0.5805,-0.5717
20091106,-0.2485,-0.2634
20091111,-0.5317,-0.5434
20091116,-0.1127,-0.5716
20091121,0.8220,-0.5318
20091126,0.3025,-0.3828
20091201,-0.5468,-0.4199
20091206,-0.1805,-0.3481
20091211,-1.5996,-0.4050
20091216,-2.5312,-0.5255
20091221,-2.7191,-0.9843
20091226,-1.9606,-1.3650
20091231,-2.2717,-1.3542
20100105,-2.7009,-1.5729
20100110,-1.3652,-1.8463
20100115,-0.2553,-2.0025
20100120,-1.2348,-1.9720
20100125,-1.2624,-1.9280
20100130,-0.9903,-1.8337
20100204,-1.7823,-1.8993
20100209,-2.7282,-2.1925
20100214,-2.9453,-2.4682
20100219,-2.3448,-2.6258
20100224,-2.0822,-2.7757
20100301,-1.1741,-3.0643
20100306,-0.7862,-3.0479
20100311,-0.3369,-3.0493
20100316,0.2073,-3.2718
20100321,0.8895,-3.2327
20100326,-0.5471,-2.8807
20100331,-0.5027,-2.7789
20101002,0.2771,-1.8235
20101007,-0.0582,-1.4431
20101012,-0.7402,-1.8906
20101017,-0.2692,-2.2783
20101022,-0.2737,-2.4777
20101027,0.0437,-2.2339
20101101,0.7881,-1.7682
20101106,0.8571,-1.8173
20101111,0.2912,-1.9345
20101116,-0.1767,-1.8457
20101121,-1.9666,-1.8328
20101126,-2.8997,-1.9887
20101201,-1.4457,-2.2124
20101206,-1.1390,-2.4919
20101211,-0.8978,-2.4560
20101216,-3.1939,-2.5777
20101221,-3.3271,-2.8541
20101226,-2.1656,-2.8380
20101231,-1.4610,-2.8326
20110105,-1.8266,-3.0470
20110110,-1.5904,-2.9715
20110115,0.0851,-2.7514
20110120,-1.0844,-2.4444
20110125,-0.5688,-2.5141
20110130,0.5833,-2.4888
20110204,1.6144,-1.9724
20110209,0.7804,-1.6948
20110214,-0.4449,-1.3251
20110219,-1.2767,-1.5090
20110224,0.2811,-1.6963
20110301,0.3140,-1.5159
20110306,0.5181,-1.4851
20110311,0.6177,-1.2698
20110316,0.7888,-1.1458
20110321,0.3000,-1.1703
20110326,0.2396,-1.0681
20110331,1.2637,-1.0268
20111002,0.7203,-0.2399
20111007,1.1582,-0.2288
20111012,0.1252,-0.2322
20111017,0.1046,-0.0383
20111022,0.0977,-0.1156
20111027,-0.5495,-0.0876
20111101,0.0008,-0.1792
20111106,0.1006,-0.2055
20111111,-0.7487,-0.2817
20111116,0.2260,-0.2598
20111121,1.1962,-0.2839
20111126,1.8115,-0.1246
20111201,2.0448,0.1203
20111206,1.4719,0.0362
20111211,1.2743,0.0271
20111216,0.9796,0.1441
20111221,1.0044,0.0862
20111226,2.0845,0.2166
20111231,1.0594,0.4615
20120105,0.8009,0.4212
20120110,0.2565,0.2818
20120115,0.3443,0.2288
20120120,0.0116,0.2332
20120125,-1.4842,0.2700
20120130,-1.9777,0.3219
20120204,-1.2753,0.4554
20120209,-0.7157,0.5894
20120214,0.0926,0.5631
20120219,0.5592,0.5976
20120224,0.7082,0.5776
20120229,0.5540,0.9218
20120305,0.3844,1.0825
20120310,0.9607,0.7930
20120315,0.9594,0.7891
20120320,1.0323,0.8066
20120325,-0.3142,0.5989
20120330,-0.2394,0.3935
20121001,0.5968,-1.9523
20121006,-0.1358,-1.7202
20121011,-0.1063,-1.5032
20121016,-0.6351,-1.0965
20121021,-1.3078,-0.8720
20121026,-1.2572,-1.1001
20121031,-1.2977,-1.8956
20121105,0.4016,-1.7977
20121110,0.7080,-1.6199
20121115,0.7408,-1.3588
20121120,0.0342,-1.4209
20121125,-0.7777,-1.3544
20121130,-1.1936,-1.2497
20121205,-0.8024,-1.1539
20121210,-1.8713,-0.7854
20121215,-1.5381,-0.8081
20121220,-2.5145,-1.0074
20121225,-0.3292,-1.1963
20121230,0.2328,-0.9810
20130104,0.4478,-0.6769
20130109,-0.2251,-0.3727
20130114,-0.8300,-0.3169
20130119,-0.2641,-0.1293
20130124,-0.2261,-0.2009
20130129,0.8090,-0.2722
20130203,1.0923,-0.2947
20130208,-0.4285,-0.0220
20130213,-1.4062,0.0464
20130218,-1.7845,-0.2080
20130223,-1.6157,-0.2466
20130228,-1.6421,-0.6265
20130305,-2.3636,-0.8746
20130310,-1.8171,-0.9093
20130315,-1.0272,-1.1066
20130320,-3.2227,-1.3247
20130325,-2.9065,-1.1777
20130330,-0.6631,-1.5381
20131001,-0.4907,-0.4915
20131006,-0.0657,-0.3260
20131011,-0.4581,-0.2629
20131016,-0.6470,-0.2258
20131021,-0.3988,-0.2943
20131026,1.2034,-0.1817
20131031,1.0426,0.2908
20131105,1.3669,0.3960
20131110,0.9636,0.5061
20131115,1.2901,0.3461
20131120,-0.1451,0.3230
20131125,-0.4203,0.0846
20131130,0.5120,-0.0964
20131205,-0.0591,-0.1464
20131210,0.5896,-0.1931
20131215,2.0398,0.2565
20131220,1.9275,0.7237
20131225,1.2714,0.9191
20131230,0.0956,0.9486
20140104,-0.1811,0.8129
20140109,0.7613,0.7025
20140114,-0.3922,0.6598
20140119,-0.8445,0.5957
20140124,-0.0999,0.6504
20140129,-0.7438,0.8931
20140203,0.1482,0.9249
20140208,1.0883,1.1526
20140213,0.3783,1.1902
20140218,0.2452,1.1476
20140223,0.5508,1.4518
20140228,-0.1010,1.6102
20140305,1.0249,1.4917
20140310,0.9637,1.2747
20140315,0.9929,1.0850
20140320,1.5151,1.3353
20140325,0.5376,1.2688
20140330,-0.7504,1.1642
20141001,0.6080,0.1412
20141006,-1.2219,0.3480
20141011,-0.5854,0.3157
20141016,-1.0613,0.0058
20141021,0.1609,-0.2147
20141026,0.1173,0.0382
20141031,-0.1915,-0.0438
20141105,0.5197,-0.0321
20141110,-0.5217,0.2001
20141115,-0.9010,0.2954
20141120,-0.3126,0.2824
20141125,0.2185,0.4993
20141130,-0.2648,0.5650
20141205,0.7685,0.7237
20141210,0.8179,0.8685
20141215,1.0957,0.8197
20141220,1.1003,0.9002
20141225,-0.7378,0.8056
20141230,0.7754,0.8183
20150104,0.9993,1.1859
20150109,2.4002,1.4285
20150114,1.5298,1.6861
20150119,-0.3340,1.3772
20150124,0.1285,1.3891
20150129,0.1305,1.3010
20150203,-0.4976,1.0087
20150208,0.3111,0.8744
20150213,0.0050,0.6845
20150218,0.8112,0.7342
20150223,1.3685,1.1144
20150228,1.6536,1.4997
20150305,1.8064,1.6883
20150310,1.8722,1.9097
20150315,-0.2643,1.7343
20150320,-0.4190,1.6156
20150325,0.8546,1.5610
20150330,1.5523,1.5204
20151001,0.0666,-0.2863
20151006,-0.3975,-0.1573
20151011,-0.5314,-0.0498
20151016,0.0484,-0.1965
20151021,0.5268,-0.2939
20151026,0.4594,-0.0514
20151031,0.5502,0.1885
20151105,0.3460,0.5031
20151110,1.2553,0.6343
20151115,-0.1998,0.7454
20151120,0.4076,0.6133
20151125,1.3098,0.6182
20151130,1.5168,0.8509
20151205,1.8724,1.1125
20151210,0.6525,1.1257
20151215,-0.9723,0.8354
20151220,1.7281,0.7541
20151225,1.4417,0.9354
20151230,0.6664,1.1936
20160104,-0.9633,1.1187
20160109,-1.4754,0.7936
20160114,-1.6892,0.3646
20160119,-0.9986,0.1413
20160124,0.8366,0.0757
20160129,2.2466,0.5236
20160203,0.9839,0.6080
20160208,0.8209,0.5833
20160213,-0.1262,0.3958
20160218,1.2110,0.4944
20160223,0.3687,0.6670
20160228,0.1721,0.6646
20160304,-0.0765,0.4281
20160309,0.3624,0.4143
20160314,-0.3702,0.2154
20160319,0.0510,0.0355
20160324,1.0204,0.3797
20160329,1.2881,0.8097
20161005,-0.9583,0.5886
20161010,-1.3394,0.5844
20161015,-1.0017,0.0743
20161020,-0.9385,0.0961
20161025,-0.9930,0.0134
20161030,-0.8370,-0.1540
20161104,-0.8780,-0.1403
20161109,0.3546,-0.6363
20161114,1.1568,-0.4813
20161119,-0.3272,-0.4417
20161124,-0.7683,-0.5770
20161129,-1.0865,-0.8026
20161204,-0.9333,-0.8815
20161209,0.5338,-1.0723
20161214,0.5938,-0.8723
20161219,1.6604,-0.4282
20161224,1.8516,0.1420
20161229,0.5416,0.4348
20170103,-0.9511,0.2788
20170108,0.3856,0.0665
20170113,0.8390,-0.0386
20170118,0.1748,-0.0230
20170123,-0.2556,-0.1863
20170128,0.0331,-0.2757
20170202,0.5506,-0.1275
20170207,-0.4771,0.1657
20170212,-1.2672,0.3024
20170217,-0.0167,0.1474
20170222,0.9513,0.1154
20170227,1.4235,0.1910
20170304,0.1082,0.3655
20170309,-0.1724,0.3211
20170314,1.1531,0.3436
20170319,1.6863,0.3032
20170324,1.0536,0.3677
20170329,-0.1787,0.3330
20171005,0.8705,-0.1441
20171010,0.3905,-0.2636
20171015,0.8547,-0.0850
20171020,0.1452,-0.0488
20171025,0.0309,0.0134
20171030,0.2655,-0.2788
20171104,1.0195,-0.3917
20171109,0.2566,-0.1150
20171114,0.1636,-0.0554
20171119,-1.7623,-0.0600
20171124,-0.7130,-0.4867
20171129,-0.4831,-0.4890
20171204,-0.3330,-0.5883
20171209,0.2229,-0.7422
20171214,0.6509,-0.6091
20171219,0.7740,-0.5719
20171224,0.2006,-0.1811
20171229,0.2037,0.0782
20180103,-0.3810,0.0523
20180108,0.0804,-0.0740
20180113,0.5652,-0.0459
20180118,-0.0982,0.1204
20180123,-0.3394,0.2211
20180128,0.4016,0.3112
20180202,0.1255,0.2896
20180207,0.7594,0.5478
20180212,0.8093,0.9981
20180217,-0.0985,1.2513
20180222,-0.9067,1.3295
20180227,-3.2223,1.1554
20180304,-3.0403,0.6686
20180309,-1.5828,0.3405
20180314,-0.9173,0.3519
20180319,-0.5776,0.3636
20180324,0.4798,0.6824
20180329,0.0041,0.7704
20181005,0.9257,0.4609
20181010,0.6126,0.3159
20181015,1.0274,0.3415
20181020,0.6435,0.6742
20181025,-0.6999,0.4867
20181030,-0.6243,0.1882
20181104,-0.0726,0.2655
20181109,-0.6069,0.4490
20181114,-0.1794,0.6740
20181119,-1.3393,0.7492
20181124,-1.3425,0.7955
20181129,-0.8025,0.7112
20181204,0.1328,0.6807
20181209,0.1805,0.5754
20181214,0.1606,0.5531
20181219,-0.6232,0.5942
20181224,-0.1195,0.5413
20181229,-0.0679,0.4252
20190103,-0.3833,0.4577
20190108,-0.7871,0.3622
20190113,0.2339,0.1090
20190118,0.3246,0.0588
20190123,-0.6454,0.0542
20190128,-0.6713,-0.1244
20190202,-1.1428,-0.0952
20190207,-0.2343,0.1955
20190212,0.5570,0.1179
20190217,0.4523,0.2240
20190222,0.7173,0.2621
20190227,0.2185,0.3710
20190304,1.1727,0.4709
20190309,1.6303,0.5382
20190314,1.2399,0.8464
20190319,1.4686,0.7297
20190324,1.3585,0.5882
20190329,1.6614,0.6009
